OptSimExpSpr	 2
Type	 4
SamplesNum	801
Delt	7.69230747222900390e+000
Fsym	1.93414489746093750e+002
FrequencyStep	1.30000000353902580e-004
StartFrequency	1.90142365722656250e+002
StopFrequency	1.90246354370117190e+002
Minimum	-2.62953224182128910e+001
Maximum	4.01266326904296880e+001
-2.53591632843017580e+001
-2.52450027465820310e+001
-2.52226619720458980e+001
-2.54300804138183590e+001
-2.51716976165771480e+001
-2.54853267669677730e+001
-2.53079757690429690e+001
-2.50729160308837890e+001
-2.52607307434082030e+001
-2.54188652038574220e+001
-2.57128257751464840e+001
-2.51488780975341800e+001
-2.58626480102539060e+001
-2.51699028015136720e+001
-2.52919216156005860e+001
-2.52094745635986330e+001
-2.51484661102294920e+001
-2.50930385589599610e+001
-2.46447296142578130e+001
-2.52865333557128910e+001
-2.57529907226562500e+001
-2.52855033874511720e+001
-2.50466918945312500e+001
-2.50325946807861330e+001
-2.50375671386718750e+001
-2.48718681335449220e+001
-2.50053901672363280e+001
-2.48232479095458980e+001
-2.48905448913574220e+001
-2.52015151977539060e+001
-2.51015739440917970e+001
-2.47346611022949220e+001
-2.53248424530029300e+001
-2.48500423431396480e+001
-2.50653362274169920e+001
-2.44588890075683590e+001
-2.46915035247802730e+001
-2.48492469787597660e+001
-2.44000720977783200e+001
-2.44936408996582030e+001
-2.52288627624511720e+001
-2.45409851074218750e+001
-2.49572296142578120e+001
-2.50234260559082030e+001
-2.47562751770019530e+001
-2.47350044250488280e+001
-2.47491054534912110e+001
-2.48854637145996090e+001
-2.48643970489501950e+001
-2.44399242401123050e+001
-2.41435260772705080e+001
-2.46277503967285160e+001
-2.50571041107177730e+001
-2.46456127166748050e+001
-2.41113700866699220e+001
-2.42203502655029300e+001
-2.46344757080078130e+001
-2.42032203674316410e+001
-2.38660144805908200e+001
-2.39846992492675780e+001
-2.49586124420166020e+001
-2.41967391967773440e+001
-2.43584480285644530e+001
-2.49907970428466800e+001
-2.43457107543945310e+001
-2.42551918029785160e+001
-2.40609340667724610e+001
-2.42961387634277340e+001
-2.45484848022460940e+001
-2.43011932373046880e+001
-2.42171440124511720e+001
-2.41755466461181640e+001
-2.37112770080566410e+001
-2.46311759948730470e+001
-2.40179672241210940e+001
-2.37987232208251950e+001
-2.38122158050537110e+001
-2.38641700744628910e+001
-2.45013027191162110e+001
-2.37392845153808590e+001
-2.42730426788330080e+001
-2.30256919860839840e+001
-2.39499320983886720e+001
-2.39701690673828130e+001
-2.35434646606445310e+001
-2.40183715820312500e+001
-2.34583244323730470e+001
-2.40267601013183590e+001
-2.34404010772705080e+001
-2.34866123199462890e+001
-2.32462882995605470e+001
-2.33184986114501950e+001
-2.39582786560058590e+001
-2.33680801391601560e+001
-2.38873977661132810e+001
-2.33863487243652340e+001
-2.34009971618652340e+001
-2.34844284057617190e+001
-2.43629570007324220e+001
-2.29949588775634770e+001
-2.34911651611328130e+001
-2.36536502838134770e+001
-2.32454891204833980e+001
-2.30823822021484370e+001
-2.31693496704101560e+001
-2.31704235076904300e+001
-2.26063995361328120e+001
-2.33137969970703130e+001
-2.29865303039550780e+001
-2.24157485961914060e+001
-2.26189727783203130e+001
-2.29528999328613280e+001
-2.29227161407470700e+001
-2.27168579101562500e+001
-2.30182228088378910e+001
-2.38019905090332030e+001
-2.32354545593261720e+001
-2.29171524047851560e+001
-2.32377204895019530e+001
-2.25993556976318360e+001
-2.29255847930908200e+001
-2.24410457611083980e+001
-2.28836517333984380e+001
-2.28821334838867190e+001
-2.25612564086914060e+001
-2.24993305206298830e+001
-2.21758117675781250e+001
-2.22875480651855470e+001
-2.21620960235595700e+001
-2.25972023010253910e+001
-2.23169307708740230e+001
-2.26997756958007810e+001
-2.23051471710205080e+001
-2.23663711547851560e+001
-2.18959846496582030e+001
-2.23122749328613280e+001
-2.20747776031494140e+001
-2.29468135833740230e+001
-2.19693145751953130e+001
-2.22985477447509770e+001
-2.14670562744140630e+001
-2.24524841308593750e+001
-2.15728302001953120e+001
-2.16794872283935550e+001
-2.21576786041259770e+001
-2.21305561065673830e+001
-2.16334247589111330e+001
-2.15536403656005860e+001
-2.15024547576904300e+001
-2.14374637603759770e+001
-2.14664573669433590e+001
-2.15843982696533200e+001
-2.20785350799560550e+001
-2.14812736511230470e+001
-2.19293308258056640e+001
-2.21805839538574220e+001
-2.18873748779296870e+001
-2.19330368041992190e+001
-2.11764507293701170e+001
-2.18366966247558590e+001
-2.17842464447021480e+001
-2.15287513732910160e+001
-2.13028526306152340e+001
-2.07821350097656250e+001
-2.11118927001953130e+001
-2.08373374938964840e+001
-2.16846427917480470e+001
-2.13452568054199220e+001
-2.09595642089843750e+001
-2.15342140197753910e+001
-2.09026641845703120e+001
-2.12365360260009770e+001
-2.13243827819824220e+001
-2.03483180999755860e+001
-2.06363906860351560e+001
-2.08158798217773440e+001
-2.08668994903564450e+001
-2.12772922515869140e+001
-2.03468246459960940e+001
-2.08208236694335940e+001
-2.02068443298339840e+001
-2.04432487487792970e+001
-2.05804233551025390e+001
-1.98374729156494140e+001
-2.02502479553222660e+001
-2.04340591430664060e+001
-2.02498722076416020e+001
-2.03683357238769530e+001
-1.97173709869384770e+001
-1.99570999145507810e+001
-2.05935058593750000e+001
-2.06805839538574220e+001
-2.06374588012695310e+001
-1.99316997528076170e+001
-2.00275421142578130e+001
-1.93651027679443360e+001
-1.95789890289306640e+001
-2.02893047332763670e+001
-1.93148593902587890e+001
-1.96460742950439450e+001
-2.00589332580566410e+001
-1.87795467376708980e+001
-1.93211154937744140e+001
-1.97237548828125000e+001
-1.90866165161132810e+001
-1.94729290008544920e+001
-1.99364528656005860e+001
-1.98555240631103520e+001
-1.92473621368408200e+001
-1.95668811798095700e+001
-1.99800224304199220e+001
-1.88762168884277340e+001
-1.94678668975830080e+001
-1.89906406402587890e+001
-1.90194778442382810e+001
-1.87056465148925780e+001
-1.85931301116943360e+001
-1.86673583984375000e+001
-1.81000728607177730e+001
-1.84317989349365230e+001
-1.89349708557128910e+001
-1.86781349182128910e+001
-1.84818038940429690e+001
-1.92883815765380860e+001
-1.81352424621582030e+001
-1.80362472534179690e+001
-1.93988876342773440e+001
-1.82788009643554690e+001
-1.83544979095458980e+001
-1.80070190429687500e+001
-1.78241748809814450e+001
-1.89986915588378910e+001
-1.78801116943359370e+001
-1.85245742797851560e+001
-1.81559982299804690e+001
-1.79573040008544920e+001
-1.76098461151123050e+001
-1.72386016845703120e+001
-1.80744514465332030e+001
-1.80596618652343750e+001
-1.81268329620361330e+001
-1.76315536499023440e+001
-1.75532913208007810e+001
-1.83546867370605470e+001
-1.71662349700927730e+001
-1.73212642669677730e+001
-1.79468955993652340e+001
-1.75535697937011720e+001
-1.78482208251953130e+001
-1.75073394775390620e+001
-1.72251873016357420e+001
-1.76363773345947270e+001
-1.69392890930175780e+001
-1.69716930389404300e+001
-1.69486885070800780e+001
-1.71478614807128910e+001
-1.71717281341552730e+001
-1.64437046051025390e+001
-1.66017551422119140e+001
-1.60066432952880860e+001
-1.68081054687500000e+001
-1.57146453857421880e+001
-1.71719093322753910e+001
-1.71855907440185550e+001
-1.70211086273193360e+001
-1.63255863189697270e+001
-1.59988927841186520e+001
-1.57883148193359380e+001
-1.62303504943847660e+001
-1.57504510879516600e+001
-1.55304327011108400e+001
-1.58714208602905270e+001
-1.53420848846435550e+001
-1.52217559814453130e+001
-1.60345439910888670e+001
-1.57222318649291990e+001
-1.55427694320678710e+001
-1.52984819412231450e+001
-1.67437400817871090e+001
-1.51333513259887700e+001
-1.59648218154907230e+001
-1.44077692031860350e+001
-1.57161483764648440e+001
-1.53819961547851560e+001
-1.48064861297607420e+001
-1.51757097244262700e+001
-1.43077268600463870e+001
-1.47832155227661130e+001
-1.43782224655151370e+001
-1.43706645965576170e+001
-1.43379259109497070e+001
-1.40630302429199220e+001
-1.35855951309204100e+001
-1.41728200912475590e+001
-1.43440294265747070e+001
-1.41677570343017580e+001
-1.34783639907836910e+001
-1.39210052490234370e+001
-1.45833702087402340e+001
-1.33307056427001950e+001
-1.33639612197875980e+001
-1.30968952178955080e+001
-1.35719594955444340e+001
-1.34752168655395510e+001
-1.29572954177856450e+001
-1.31340970993041990e+001
-1.30236806869506840e+001
-1.24080896377563480e+001
-1.28726282119750980e+001
-1.39533405303955080e+001
-1.18955020904541020e+001
-1.19428348541259770e+001
-1.17856807708740230e+001
-1.22271537780761720e+001
-1.20327844619750980e+001
-1.23718204498291020e+001
-1.25420265197753910e+001
-1.27942199707031250e+001
-1.20337543487548830e+001
-1.12112522125244140e+001
-1.27492866516113280e+001
-1.19903163909912110e+001
-1.17159595489501950e+001
-1.09439430236816410e+001
-1.12519760131835940e+001
-1.05330905914306640e+001
-1.09742813110351560e+001
-1.03540420532226560e+001
-1.06313724517822270e+001
-1.15816211700439450e+001
-9.97320556640625000e+000
-9.95182895660400390e+000
-1.02062234878540040e+001
-9.70070266723632810e+000
-9.64050197601318360e+000
-9.85576248168945310e+000
-9.90095138549804690e+000
-9.41808795928955080e+000
-9.10821533203125000e+000
-9.29629039764404300e+000
-8.91005706787109370e+000
-9.20915699005126950e+000
-8.40752983093261720e+000
-9.23481941223144530e+000
-8.23115730285644530e+000
-7.76380968093872070e+000
-8.84333705902099610e+000
-7.29428386688232420e+000
-7.50790786743164060e+000
-7.54613399505615230e+000
-7.32648801803588870e+000
-7.85219144821166990e+000
-6.93784189224243160e+000
-6.87082862854003910e+000
-6.96348190307617190e+000
-6.44979429244995120e+000
-6.52670097351074220e+000
-6.47392940521240230e+000
-5.67273044586181640e+000
-5.99574613571166990e+000
-5.50800895690917970e+000
-5.11671066284179690e+000
-4.95108795166015620e+000
-4.76350688934326170e+000
-5.20279979705810550e+000
-4.29320955276489260e+000
-3.63436031341552730e+000
-2.92924284934997560e+000
-3.67002224922180180e+000
-3.53100800514221190e+000
-2.83215618133544920e+000
-2.59524250030517580e+000
-3.14825749397277830e+000
-1.56569230556488040e+000
-1.06245017051696780e+000
-1.39197492599487300e+000
-9.19462740421295170e-001
-5.34567594528198240e-001
+9.14806723594665530e-001
+4.00825381278991700e-001
+9.79513227939605710e-001
+2.02244067192077640e+000
+2.12551808357238770e+000
+2.61285352706909180e+000
+4.93930530548095700e+000
+6.86519098281860350e+000
+4.92997598648071290e+000
+6.19652843475341800e+000
+6.59684562683105470e+000
+9.05595779418945310e+000
+1.12465753555297850e+001
+1.54496212005615230e+001
+2.13722248077392580e+001
+1.95520877838134770e+001
+1.35496435165405270e+001
+1.27989444732666020e+001
+1.37650108337402340e+001
+1.64039592742919920e+001
+1.96905040740966800e+001
+2.72378311157226560e+001
+4.01266326904296880e+001
+2.45809192657470700e+001
+1.87083816528320310e+001
+1.56031742095947270e+001
+1.35775451660156250e+001
+1.37008466720581050e+001
+1.33266239166259770e+001
+1.99827213287353520e+001
+2.16802825927734380e+001
+1.44136524200439450e+001
+1.04706783294677730e+001
+8.01340103149414060e+000
+6.97425317764282230e+000
+5.40604352951049800e+000
+5.67553806304931640e+000
+4.52597904205322270e+000
+4.30326366424560550e+000
+2.68956923484802250e+000
+1.43564164638519290e+000
+1.49306344985961910e+000
+9.95632171630859380e-001
+6.20783925056457520e-001
-7.17875301837921140e-001
-1.05246686935424800e+000
-1.19339275360107420e+000
-1.78741466999053960e+000
-1.41452252864837650e+000
-1.58778142929077150e+000
-2.55607318878173830e+000
-2.30129790306091310e+000
-2.56036877632141110e+000
-3.10511231422424320e+000
-4.33085012435913090e+000
-3.85238695144653320e+000
-3.91299033164978030e+000
-3.53984022140502930e+000
-4.41992187500000000e+000
-4.75557279586791990e+000
-5.75104475021362300e+000
-4.80342578887939450e+000
-5.87097740173339840e+000
-5.55577802658081050e+000
-6.12694454193115230e+000
-6.89356851577758790e+000
-6.60467529296875000e+000
-7.03402280807495120e+000
-6.57492351531982420e+000
-7.16567897796630860e+000
-7.36274719238281250e+000
-6.40813875198364260e+000
-7.53598165512084960e+000
-7.56458663940429690e+000
-8.06467247009277340e+000
-8.53198623657226560e+000
-8.13664627075195310e+000
-8.93342971801757810e+000
-7.40117597579956050e+000
-8.76826381683349610e+000
-1.00045585632324220e+001
-8.68728256225585940e+000
-9.59147834777832030e+000
-9.33966064453125000e+000
-9.43773174285888670e+000
-9.09010696411132810e+000
-9.87453651428222660e+000
-1.01828193664550780e+001
-9.85933494567871090e+000
-1.04402828216552730e+001
-1.08707542419433590e+001
-1.03043632507324220e+001
-9.96530628204345700e+000
-1.06257772445678710e+001
-1.05937948226928710e+001
-1.06929636001586910e+001
-1.08706684112548830e+001
-1.10836467742919920e+001
-1.11577939987182620e+001
-1.10708103179931640e+001
-1.12128114700317380e+001
-1.17378082275390630e+001
-1.21451482772827150e+001
-1.20364322662353520e+001
-1.18027009963989260e+001
-1.19459362030029300e+001
-1.25860004425048830e+001
-1.29391775131225590e+001
-1.22831878662109380e+001
-1.23961181640625000e+001
-1.20053339004516600e+001
-1.30437660217285160e+001
-1.19624919891357420e+001
-1.30167436599731450e+001
-1.23822460174560550e+001
-1.28180732727050780e+001
-1.31672611236572270e+001
-1.33848848342895510e+001
-1.31077365875244140e+001
-1.35812988281250000e+001
-1.43478260040283200e+001
-1.36788415908813480e+001
-1.36684598922729490e+001
-1.35555076599121090e+001
-1.36507501602172850e+001
-1.38456621170043950e+001
-1.39260215759277340e+001
-1.40267667770385740e+001
-1.46655998229980470e+001
-1.36737079620361330e+001
-1.38617887496948240e+001
-1.43920230865478520e+001
-1.47071304321289060e+001
-1.48726606369018550e+001
-1.42497434616088870e+001
-1.45047340393066410e+001
-1.52254905700683590e+001
-1.43643283843994140e+001
-1.49656400680541990e+001
-1.49987182617187500e+001
-1.56390876770019530e+001
-1.52074537277221680e+001
-1.48901662826538090e+001
-1.51085147857666020e+001
-1.54943466186523440e+001
-1.48217115402221680e+001
-1.53496274948120120e+001
-1.56810474395751950e+001
-1.62306995391845700e+001
-1.53480920791625980e+001
-1.55076255798339840e+001
-1.57290382385253910e+001
-1.60853366851806640e+001
-1.63842620849609380e+001
-1.61287326812744140e+001
-1.53835430145263670e+001
-1.56245841979980470e+001
-1.60307865142822270e+001
-1.60332489013671880e+001
-1.68315315246582030e+001
-1.65155334472656250e+001
-1.58899002075195310e+001
-1.64563770294189450e+001
-1.60764122009277340e+001
-1.61099166870117190e+001
-1.65817203521728520e+001
-1.68408184051513670e+001
-1.66116199493408200e+001
-1.71688747406005860e+001
-1.62364883422851560e+001
-1.68384952545166020e+001
-1.77798652648925780e+001
-1.67949256896972660e+001
-1.74264583587646480e+001
-1.78938884735107420e+001
-1.71381797790527340e+001
-1.74415988922119140e+001
-1.75024642944335940e+001
-1.74374923706054690e+001
-1.81230182647705080e+001
-1.74478321075439450e+001
-1.73146514892578120e+001
-1.73332290649414060e+001
-1.78225154876708980e+001
-1.90685176849365230e+001
-1.75465373992919920e+001
-1.77014484405517580e+001
-1.76726131439208980e+001
-1.76983394622802730e+001
-1.87669982910156250e+001
-1.80444030761718750e+001
-1.88649024963378910e+001
-1.80320930480957030e+001
-1.86393432617187500e+001
-1.93826427459716800e+001
-1.80920829772949220e+001
-1.89850101470947270e+001
-1.86216335296630860e+001
-1.83014602661132810e+001
-1.85536041259765630e+001
-1.79426097869873050e+001
-1.87090320587158200e+001
-1.89610767364501950e+001
-1.83768768310546870e+001
-1.89473266601562500e+001
-1.91811923980712890e+001
-1.86619453430175780e+001
-1.89138259887695310e+001
-1.86554107666015630e+001
-1.87831058502197270e+001
-1.89915390014648440e+001
-1.90930767059326170e+001
-1.94631938934326170e+001
-1.99702472686767580e+001
-1.94061985015869140e+001
-1.94350585937500000e+001
-1.97159271240234380e+001
-1.97239437103271480e+001
-1.95566787719726560e+001
-1.97246131896972660e+001
-2.03768959045410160e+001
-1.89629611968994140e+001
-1.96054763793945310e+001
-1.89919052124023440e+001
-2.07775306701660160e+001
-2.08646984100341800e+001
-1.97941055297851560e+001
-1.94840259552001950e+001
-1.96033496856689450e+001
-2.03746204376220700e+001
-1.95176143646240230e+001
-2.04158191680908200e+001
-2.06031608581542970e+001
-2.03738574981689450e+001
-2.02134590148925780e+001
-2.10140457153320310e+001
-2.04923248291015630e+001
-1.95780639648437500e+001
-1.98584957122802730e+001
-2.03572845458984380e+001
-2.12265396118164060e+001
-2.02636051177978520e+001
-2.02851638793945310e+001
-2.04170627593994140e+001
-2.07371997833251950e+001
-2.11435909271240230e+001
-2.06297645568847660e+001
-2.09850387573242190e+001
-2.07574043273925780e+001
-2.09512825012207030e+001
-2.08815193176269530e+001
-2.07132358551025390e+001
-2.05637741088867190e+001
-2.05981979370117190e+001
-2.04178657531738280e+001
-2.07498760223388670e+001
-2.17763404846191410e+001
-2.12933330535888670e+001
-2.11582584381103520e+001
-2.11800804138183590e+001
-2.17343330383300780e+001
-2.08987426757812500e+001
-2.13924446105957030e+001
-2.18187026977539060e+001
-2.16176509857177730e+001
-2.15457725524902340e+001
-2.15669326782226560e+001
-2.17653427124023440e+001
-2.15571289062500000e+001
-2.13495941162109380e+001
-2.19098262786865230e+001
-2.20236778259277340e+001
-2.18727855682373050e+001
-2.13821983337402340e+001
-2.13304176330566410e+001
-2.19488372802734380e+001
-2.11546230316162110e+001
-2.17772579193115230e+001
-2.25382423400878910e+001
-2.22599201202392580e+001
-2.22397403717041020e+001
-2.17474136352539060e+001
-2.21632289886474610e+001
-2.22837848663330080e+001
-2.16098136901855470e+001
-2.19555320739746090e+001
-2.23797626495361330e+001
-2.24168128967285160e+001
-2.26387481689453130e+001
-2.20976562500000000e+001
-2.20233936309814450e+001
-2.20683784484863280e+001
-2.23839759826660160e+001
-2.20755424499511720e+001
-2.19973201751708980e+001
-2.22487983703613280e+001
-2.23089447021484380e+001
-2.24273071289062500e+001
-2.20270652770996090e+001
-2.29272689819335940e+001
-2.27190189361572270e+001
-2.23727912902832030e+001
-2.33413925170898440e+001
-2.32608489990234380e+001
-2.25761890411376950e+001
-2.22436428070068360e+001
-2.29064731597900390e+001
-2.34907798767089840e+001
-2.35534305572509770e+001
-2.22241668701171880e+001
-2.31734066009521480e+001
-2.38426704406738280e+001
-2.31781196594238280e+001
-2.33724746704101560e+001
-2.28762664794921870e+001
-2.35288448333740230e+001
-2.33338584899902340e+001
-2.32187347412109370e+001
-2.33201770782470700e+001
-2.30631256103515630e+001
-2.27813491821289060e+001
-2.33654289245605470e+001
-2.35515422821044920e+001
-2.33704109191894530e+001
-2.32549953460693360e+001
-2.31600475311279300e+001
-2.34557647705078120e+001
-2.30459594726562500e+001
-2.37899475097656250e+001
-2.27474098205566410e+001
-2.36871509552001950e+001
-2.41057434082031250e+001
-2.36991882324218750e+001
-2.39016056060791020e+001
-2.30759429931640620e+001
-2.30445213317871090e+001
-2.38990001678466800e+001
-2.35698738098144530e+001
-2.34306068420410160e+001
-2.35913162231445310e+001
-2.37444667816162110e+001
-2.33308105468750000e+001
-2.34997596740722660e+001
-2.35493812561035160e+001
-2.34704189300537110e+001
-2.40522880554199220e+001
-2.38911533355712890e+001
-2.36940975189208980e+001
-2.35993194580078130e+001
-2.40904712677001950e+001
-2.37492790222167970e+001
-2.40244579315185550e+001
-2.40614700317382810e+001
-2.38796825408935550e+001
-2.44728641510009770e+001
-2.39917201995849610e+001
-2.45802726745605470e+001
-2.35944519042968750e+001
-2.39756946563720700e+001
-2.45577144622802730e+001
-2.36260623931884770e+001
-2.38634529113769530e+001
-2.41295204162597660e+001
-2.44379386901855470e+001
-2.40540409088134770e+001
-2.43425540924072270e+001
-2.42408790588378910e+001
-2.42959880828857420e+001
-2.41930770874023440e+001
-2.42973690032958980e+001
-2.44699211120605470e+001
-2.46942634582519530e+001
-2.45125694274902340e+001
-2.44490261077880860e+001
-2.45771503448486330e+001
-2.43043327331542970e+001
-2.48166694641113280e+001
-2.45424823760986330e+001
-2.49255599975585940e+001
-2.47732067108154300e+001
-2.46521968841552730e+001
-2.44951095581054690e+001
-2.52122116088867190e+001
-2.44598846435546880e+001
-2.45935173034667970e+001
-2.49691352844238280e+001
-2.49000186920166020e+001
-2.48667831420898440e+001
-2.48531646728515630e+001
-2.47907047271728520e+001
-2.50731639862060550e+001
-2.46254177093505860e+001
-2.47862071990966800e+001
-2.49871177673339840e+001
-2.48851947784423830e+001
-2.50163688659667970e+001
-2.49208278656005860e+001
-2.47775993347167970e+001
-2.48672008514404300e+001
-2.49215812683105470e+001
-2.48094596862792970e+001
-2.51098175048828120e+001
-2.53411598205566410e+001
-2.52216243743896480e+001
-2.53104686737060550e+001
-2.53519077301025390e+001
-2.47663192749023440e+001
-2.56246147155761720e+001
-2.51544208526611330e+001
-2.52561798095703130e+001
-2.54843368530273440e+001
-2.48443336486816410e+001
-2.53454189300537110e+001
-2.52818317413330080e+001
-2.54134750366210940e+001
-2.58700294494628910e+001
-2.50135688781738280e+001
-2.55006294250488280e+001
-2.53734016418457030e+001
-2.55501670837402340e+001
-2.54372177124023440e+001
-2.51835250854492190e+001
-2.53481273651123050e+001